image_width: 1280
image_height: 1024
camera_name: mv_camera
camera_matrix:
  rows: 3
  cols: 3
  data: [1561.598417, 0.000000, 643.008692, 0.000000, 1563.883355, 527.594765, 0.000000, 0.000000, 1.000000]
distortion_model: plumb_bob
distortion_coefficients:
  rows: 1
  cols: 5
  data: [-0.093176, 0.217567, 0.000412, 0.000364, 0.000000]
rectification_matrix:
  rows: 3
  cols: 3
  data: [1.000000, 0.000000, 0.000000, 0.000000, 1.000000, 0.000000, 0.000000, 0.000000, 1.000000]
projection_matrix:
  rows: 3
  cols: 4
  data: [1546.415894, 0.000000, 642.825759, 0.000000, 0.000000, 1550.489868, 527.449632, 0.000000, 0.000000, 0.000000, 1.000000, 0.000000]